300 100
297 102
294 105
291 107
288 109
284 111
280 113
276 115
271 117
266 118
261 120
255 121
250 122
244 123
238 124
231 124
225 125
218 125
211 125
204 125
197 124
189 123
182 123
174 121
166 120
158 118
150 116
142 114
133 112
125 109
117 106
108 103
100 100
92 96
83 93
75 89
67 84
58 80
50 75
42 70
34 65
26 59
18 54
11 48
3 42
-4 36
-11 30
-18 23
-25 17
-31 10
-38 3
-44 -4
-50 -11
-55 -18
-61 -26
-66 -33
-71 -40
-76 -48
-80 -55
-84 -63
-88 -70
-91 -78
-94 -85
-97 -93
-100 -100
-102 -107
-104 -115
-106 -122
-107 -129
-108 -136
-109 -143
-110 -149
-110 -156
-110 -162
-109 -168
-109 -174
-108 -180
-107 -186
-105 -191
-103 -196
-101 -201
-99 -206
-97 -210
-94 -215
-91 -218
-88 -222
-84 -225
-81 -228
-77 -231
-73 -233
-69 -236
-65 -237
-60 -239
-56 -240
-51 -241
-46 -241
-41 -241
-36 -241
-31 -241
-26 -240
-21 -239
-16 -237
-11 -236
-6 -233
0 -231
5 -228
10 -225
15 -222
20 -218
25 -215
30 -210
35 -206
40 -201
45 -196
49 -191
54 -186
58 -180
63 -174
67 -168
71 -162
75 -156
79 -149
82 -143
86 -136
89 -129
92 -122
95 -115
97 -107
