200 0
200 5
200 10
199 15
198 20
197 24
196 29
194 34
192 38
190 43
188 47
186 51
183 56
180 60
177 63
174 67
171 71
167 74
163 77
160 80
156 83
151 86
147 88
143 90
138 92
134 94
129 96
124 97
120 98
115 99
110 100
105 100
100 100
95 100
90 100
85 99
80 98
76 97
71 96
66 94
62 92
57 90
53 88
49 86
44 83
40 80
37 77
33 74
29 71
26 67
23 63
20 60
17 56
14 51
12 47
10 43
8 38
6 34
4 29
3 24
2 20
1 15
0 10
0 5
0 0
0 -5
0 -10
1 -15
2 -20
3 -24
4 -29
6 -34
8 -38
10 -43
12 -47
14 -51
17 -56
20 -60
23 -63
26 -67
29 -71
33 -74
37 -77
40 -80
44 -83
49 -86
53 -88
57 -90
62 -92
66 -94
71 -96
76 -97
80 -98
85 -99
90 -100
95 -100
100 -100
105 -100
110 -100
115 -99
120 -98
124 -97
129 -96
134 -94
138 -92
143 -90
147 -88
151 -86
156 -83
160 -80
163 -77
167 -74
171 -71
174 -67
177 -63
180 -60
183 -56
186 -51
188 -47
190 -43
192 -38
194 -34
196 -29
197 -24
198 -20
199 -15
200 -10
200 -5
