100 -100
102 -93
105 -85
107 -78
108 -70
110 -63
111 -55
113 -48
114 -40
115 -33
115 -26
116 -18
116 -11
117 -4
117 3
117 10
117 17
116 23
116 30
115 36
115 42
114 48
113 54
112 59
111 65
110 70
108 75
107 80
106 84
104 89
103 93
101 96
100 100
99 103
97 106
96 109
94 112
93 114
92 116
90 118
89 120
88 121
87 123
86 123
85 124
85 125
84 125
84 125
83 125
83 124
83 124
83 123
84 122
84 121
85 120
85 118
86 117
87 115
89 113
90 111
92 109
93 107
95 105
98 102
100 100
103 98
105 95
108 92
111 90
114 87
118 85
121 82
125 79
129 77
133 74
137 72
142 69
146 67
151 64
155 62
160 60
165 58
170 56
175 54
180 52
185 51
190 49
195 48
200 46
206 45
211 44
216 43
221 43
226 42
231 42
236 41
241 41
246 41
251 42
256 42
260 43
265 43
269 44
273 45
277 46
281 48
284 49
288 51
291 52
294 54
297 56
299 58
301 60
303 62
305 64
307 67
308 69
309 72
309 74
310 77
310 79
310 82
309 85
308 87
307 90
306 92
304 95
302 98
